A000012 ,1,1,1,1,1,1,1,1,1,1,1,1,1,1,1,1,1,1,1,1,1,1,1,1,1,1,1,1,1,1,1,1,1,1,1,1,1,1,1,1,1,1,1,1,1,1,1,1,1,1
A000027 ,1,2,3,4,5,6,7,8,9,10,11,12,13,14,15,16,17,18,19,20,21,22,23,24,25,26,27,28,29,30,31,32,33,34,35,36,37,38,39,40
A000079 ,1,2,4,8,16,32,64,128,256,512,1024,2048,4096,8192,16384,32768,65536,131072,262144,524288,1048576,2097152,4194304,8388608
A000217 ,0,1,3,6,10,15,21,28,36,45,55,66,78,91,105,120,136,153,171,190,210,231,253,276,300,325,351,378,406,435,465,496,528,561
A000290 ,0,1,4,9,16,25,36,49,64,81,100,121,144,169,196,225,256,289,324,361,400,441,484,529,576,625,676,729,784,841,900,961,1024
A000578 ,0,1,8,27,64,125,216,343,512,729,1000,1331,1728,2197,2744,3375,4096,4913,5832,6859,8000,9261,10648,12167,13824,15625
A005408 ,1,3,5,7,9,11,13,15,17,19,21,23,25,27,29,31,33,35,37,39,41,43,45,47,49,51,53,55,57,59,61,63,65,67,69,71
A000045 ,0,1,1,2,3,5,8,13,21,34,55,89,144,233,377,610,987,1597,2584,4181,6765,10946,17711,28657,46368,75025,121393,196418,317811,514229,832040,1346269,2178309,3524578,5702887
A000032 ,2,1,3,4,7,11,18,29,47,76,123,199,322,521,843,1364,2207,3571,5778,9349,15127,24476,39603,64079,103682,167761,271443,439204,710647,1149851,1860498,3010349,4870847
A000129 ,0,1,2,5,12,29,70,169,408,985,2378,5741,13860,33461,80782,195025,470832,1136689,2744210,6625109,15994428,38613965,93222358
A001045 ,0,1,1,3,5,11,21,43,85,171,341,683,1365,2731,5461,10923,21845,43691,87381,174763,349525,699051,1398101,2796203,5592405
A000073 ,0,0,1,1,2,4,7,13,24,44,81,149,274,504,927,1705,3136,5768,10609,19513,35890,66012,121415,223317,410744,755476
A000142 ,1,1,2,6,24,120,720,5040,40320,362880,3628800,39916800,479001600,6227020800,87178291200,1307674368000,20922789888000,355687428096000,6402373705728000
A000108 ,1,1,2,5,14,42,132,429,1430,4862,16796,58786,208012,742900,2674440,9694845,35357670,129644790,477638700,1767263190
A000166 ,1,0,1,2,9,44,265,1854,14833,133496,1334961,14684570,176214841,2290792932,32071101049,481066515734,7697064251745
A001006 ,1,1,2,4,9,21,51,127,323,835,2188,5798,15511,41835,113674,310572,853467,2356779,6536382,18199284,50852019
A000040 ,2,3,5,7,11,13,17,19,23,29,31,37,41,43,47,53,59,61,67,71,73,79,83,89,97,101,103,107,109,113,127,131,137,139,149
A000041 ,1,1,2,3,5,7,11,15,22,30,42,56,77,101,135,176,231,297,385,490,627,792,1002,1255,1575,1958,2436,3010,3718,4565,5604
A000005 ,1,2,2,3,2,4,2,4,3,4,2,6,2,4,4,5,2,6,2,6,4,4,2,8,3,4,4,6,2,8,2,6,4,4,4,9,2,4,4,8,2,8,2,6,6,4,2,10,3,6
A000010 ,1,1,2,2,4,2,6,4,6,4,10,4,12,6,8,8,16,6,18,8,12,10,22,8,20,12,18,12,28,8,30,16,20,16,24,12,36,18,24,16,40,12,42
A003188 ,0,1,3,2,6,7,5,4,12,13,15,14,10,11,9,8,24,25,27,26,30,31,29,28,20,21,23,22,18,19,17,16,48,49,51,50
A000088 ,1,1,2,4,11,34,156,1044,12346,274668,12005168,1018997864,165091172592,50502031367952
A000110 ,1,1,2,5,15,52,203,877,4140,21147,115975,678570,4213597,27644437,190899322,1382958545,10480142147
A000213 ,1,1,1,3,5,9,17,31,57,105,193,355,653,1201,2209,4063,7473,13745,25281,46499,85525,157305,289329
